Break in iteration 4



Cluster values: 1 4 1 0 0 0 0 0 0 0 0 0 0 0 0 0 0 0 0 0 0 0 0 0 0 0 1 0 4 0 0 0 1 0 0 0 0 0 1 1 1 0 2 0 220 0 0 0 0 13 1 0 0 1 0 0 0 0 0 0 0 0 0 0 

Cluster values: 1 3 1 0 0 0 0 0 0 0 0 0 0 0 0 0 0 0 0 0 0 0 0 0 0 0 1 0 4 0 0 0 0 0 0 0 0 0 1 1 1 0 2 0 123 0 0 0 0 14 1 0 0 1 0 0 0 0 0 0 0 0 0 0 

Cluster values: 1 3 1 0 0 0 0 0 0 0 0 0 0 0 0 0 0 0 0 0 0 0 0 0 0 0 1 0 4 0 0 0 1 0 0 0 0 0 1 1 1 0 2 0 111 0 0 0 0 13 1 0 0 1 0 0 0 0 0 0 0 0 0 0 

Cluster values: 4 3 1 0 0 1 1 1 1 0 0 1 0 2 1 0 1 0 0 0 0 0 0 0 5 0 1 0 1 0 1 3 1 1 2 0 1 0 1 1 1 1 1 0 0 0 2 0 2 18 0 2 1 1 0 0 0 0 0 1 0 1 1 1 

Times: 995.762452ms 995.695695ms 995.362890ms 995.119703ms 995.307847ms 995.146310ms 998.258770ms 996.950226ms 995.366958ms 994.963323ms 
1 Iteration Execution Time: 240.308415ms

Time AVG (3ยบ until 10ยบ): 995.873305ms 
