Break in iteration 3



Cluster values: 1 3 1 0 0 0 0 0 0 0 0 0 0 0 0 0 0 0 0 0 0 0 0 0 0 0 1 0 4 0 0 0 1 0 0 0 0 0 1 1 1 0 2 0 141 0 0 0 0 13 1 0 0 1 0 0 0 0 0 0 0 0 0 0 

Cluster values: 4 3 1 0 0 1 1 1 1 0 0 1 0 2 1 0 1 0 0 0 0 0 0 0 5 0 1 0 1 0 1 3 1 1 2 0 1 0 1 1 1 1 1 0 0 0 2 0 2 18 0 2 1 1 0 0 0 0 0 1 0 1 1 1 

Times: 476.651418ms 440.533120ms 440.446491ms 440.108086ms 440.468900ms 439.891990ms 439.989155ms 439.748637ms 440.099626ms 440.405465ms 
1 Iteration Execution Time: 134.716053ms

Time AVG (3ยบ until 10ยบ): 440.101694ms 
