Break in iteration 9



Cluster values: 0 1 1 0 0 0 0 0 0 0 0 0 0 0 0 0 0 0 0 0 0 0 0 0 0 0 0 0 4 0 0 0 

Cluster values: 1 1 1 0 0 0 0 0 0 0 0 0 0 0 0 0 0 0 0 0 0 0 0 0 0 0 1 0 3 0 0 0 

Cluster values: 3 10 1 0 0 0 0 1 1 0 0 0 0 0 0 0 0 0 0 0 0 0 0 0 1 0 1 0 2 0 0 2 

Cluster values: 3 1 1 0 0 1 2 1 1 0 0 0 0 2 2 0 1 0 0 0 0 0 0 0 6 0 1 0 3 0 1 3 

Cluster values: 4 1 1 0 0 1 2 1 1 0 0 0 0 3 3 0 2 0 0 0 0 0 0 0 4 0 1 0 0 0 1 3 

Cluster values: 4 4 1 0 0 2 2 1 1 0 0 1 0 2 2 0 1 0 0 0 0 0 0 0 8 0 1 0 0 0 1 3 

Cluster values: 5 1 1 0 0 1 0 1 1 0 0 2 0 1 0 0 0 0 0 0 0 0 0 0 6 0 1 1 0 0 0 3 

Cluster values: 6 1 1 0 0 0 0 1 1 0 0 2 0 0 0 0 0 0 0 0 0 0 0 0 0 0 1 1 0 0 0 3 

Cluster values: 5 2 1 0 3 1 1 1 1 1 0 1 0 1 1 7 1 0 0 0 0 0 0 0 4 0 1 0 0 0 0 3 

Cluster values: 9 0 0 0 0 0 0 0 0 0 0 0 0 0 0 0 0 0 0 0 0 0 0 0 0 0 0 0 0 0 0 0 

Cluster values: 10 0 0 0 0 0 0 0 0 0 0 0 0 0 0 0 0 0 0 0 0 0 0 0 0 0 0 0 0 0 0 0 

Cluster values: 11 0 0 0 0 0 0 0 0 0 0 0 0 0 0 0 0 0 0 0 0 0 0 0 0 0 0 0 0 0 0 0 

Cluster values: 12 0 0 0 0 0 0 0 0 0 0 0 0 0 0 0 0 0 0 0 0 0 0 0 0 0 0 0 0 0 0 0 

Cluster values: 13 0 0 0 0 0 0 0 0 0 0 0 0 0 0 0 0 0 0 0 0 0 0 0 0 0 0 0 0 0 0 0 

Cluster values: 14 0 0 0 0 0 0 0 0 0 0 0 0 0 0 0 0 0 0 0 0 0 0 0 0 0 0 0 0 0 0 0 

Cluster values: 15 0 0 0 0 0 0 0 0 0 0 0 0 0 0 0 0 0 0 0 0 0 0 0 0 0 0 0 0 0 0 0 

Times: 5170.074315ms 5866.865098ms 5585.322519ms 6279.113590ms 6275.320721ms 5870.570730ms 5580.879965ms 6278.488214ms 6274.500245ms 5874.497914ms 
1 Iteration Execution Time: 882.429786ms

Time AVG (3ยบ until 10ยบ): 6061.910197ms 
