144 2 2 100 16
30 38
61 26
51 35
49 30
47 32
46 31
50 36
54 39
46 34
50 34
44 29
49 31
54 37
48 34
48 30
43 30
58 40
57 44
54 39
51 35
57 38
51 38
54 34
51 37
46 36
51 33
48 34
50 30
50 34
52 35
52 34
47 32
48 31
54 34
52 41
55 42
49 31
50 32
55 35
49 31
44 30
51 34
50 35
45 23
44 32
50 35
51 38
48 30
51 38
46 32
53 37
50 33
70 32
64 32
69 31
55 23
65 28
57 28
63 33
49 24
66 29
52 27
50 20
59 30
60 22
61 29
56 29
67 31
56 30
58 27
62 22
56 25
59 32
61 28
63 25
61 28
64 29
66 30
68 28
67 30
60 29
57 26
55 24
55 24
58 27
60 27
54 30
60 34
67 31
63 23
56 30
55 25
55 26
61 30
58 26
50 23
56 27
57 30
57 29
62 29
51 25
57 28
63 33
58 27
71 30
63 29
65 30
76 30
49 25
73 29
67 25
72 36
65 32
64 27
68 30
57 25
58 28
64 32
65 30
77 38
77 26
60 22
69 32
56 28
77 28
63 27
67 33
72 32
62 28
61 30
64 28
72 30
74 28
79 38
64 28
63 28
61 26
77 30
63 34
64 31
60 30
69 31
67 31
69 31
58 27
68 32
