Break in iteration 

Total Time: 18838.890007564ms

Cluster values: 0 1 1 0 0 0 0 0 0 0 0 0 0 0 0 0 0 0 0 0 0 0 0 0 0 0 0 0 3 0 0 0 

Cluster values: 1 1 1 0 0 0 0 0 0 0 0 0 0 0 0 0 0 0 0 0 0 0 0 0 0 0 1 0 3 0 0 0 

Cluster values: 1 10 1 0 0 0 0 0 0 0 0 0 0 0 0 0 0 0 0 0 0 0 0 0 0 0 1 0 3 0 0 0 

Cluster values: 3 1 1 0 0 1 3 1 1 0 0 0 0 2 2 0 1 0 0 0 0 0 0 0 7 0 1 0 3 0 1 3 

Cluster values: 4 10 1 0 0 1 2 1 1 0 0 0 0 3 3 0 1 0 0 0 0 0 0 0 4 0 1 0 1 0 1 3 

Cluster values: 4 1 1 0 0 1 2 1 1 0 0 0 0 3 3 0 2 0 0 0 0 0 0 0 3 0 1 0 0 0 1 3 

Cluster values: 4 1 1 0 0 2 0 1 1 0 0 1 0 1 0 0 0 0 0 0 0 0 0 0 7 0 1 1 1 0 0 3 

Cluster values: 6 1 1 0 0 0 0 1 1 0 0 2 0 0 0 0 0 0 0 0 0 0 0 0 0 0 1 1 0 0 0 3 

Cluster values: 5 2 1 0 3 0 0 1 1 1 0 2 0 0 0 7 0 0 0 0 0 0 0 0 0 0 1 1 0 0 0 3 

Cluster values: 4 1 11 0 0 3 2 1 1 0 0 1 0 2 2 0 1 0 0 0 0 0 0 0 7 0 1 0 1 0 10 3 

Cluster values: 3 1 1 0 0 5 1 1 2 0 0 0 0 3 3 0 1 0 0 0 0 0 0 0 10 0 1 0 3 0 10 1 

Cluster values: 4 10 11 0 0 2 2 1 1 0 0 1 0 2 2 0 1 0 0 0 0 0 0 0 7 0 1 0 1 0 1 3 

Cluster values: 3 10 1 0 0 1 3 1 2 0 0 1 0 2 2 0 1 0 0 0 0 0 0 0 6 0 1 0 2 0 10 3 

Cluster values: 4 2 1 0 3 2 2 1 2 1 0 1 1 2 2 6 1 0 0 0 0 0 0 0 6 0 1 0 1 0 10 3 

Cluster values: 5 10 1 0 0 6 0 1 2 0 0 1 0 2 3 0 0 0 0 0 0 0 0 0 5 0 1 0 0 0 10 3 

Cluster values: 4 1 1 0 0 6 1 1 2 0 0 1 0 4 4 0 0 0 0 0 0 0 0 0 7 0 1 0 0 0 10 3 

Cluster values: 5 1 1 0 0 6 0 1 2 0 0 2 0 1 1 0 0 0 0 0 0 0 0 0 8 0 1 0 0 0 10 3 

Cluster values: 2 1 1 0 0 1 4 1 2 0 0 0 0 1 1 0 1 0 0 0 0 0 0 0 7 0 1 0 3 0 9 3 

Cluster values: 5 1 1 0 0 1 2 1 2 0 0 3 0 1 1 0 1 0 0 0 0 0 0 0 7 0 1 0 0 0 10 3 

Cluster values: 4 1 1 0 0 2 3 1 1 0 0 1 0 2 2 0 1 0 0 0 0 0 0 0 8 0 1 0 0 0 1 3 

Cluster values: 4 1 11 0 0 1 2 1 1 0 0 1 0 2 2 0 1 0 0 0 0 0 0 0 6 0 1 0 1 0 0 3 

Cluster values: 4 1 1 0 0 1 2 1 2 0 0 0 0 3 3 0 1 0 0 0 0 0 0 0 3 0 1 0 1 0 10 3 

Cluster values: 4 10 1 0 0 2 3 1 1 0 0 1 0 2 2 0 1 0 0 0 0 0 0 0 8 0 1 0 1 0 1 3 

Cluster values: 4 2 1 0 3 1 2 1 1 1 0 1 1 2 2 6 1 0 0 0 0 0 0 0 6 0 1 0 1 0 1 3 

Cluster values: 4 8 1 0 3 2 2 1 1 1 0 1 0 2 2 4 1 0 0 0 0 0 0 0 6 0 1 0 1 0 1 3 

Cluster values: 2 1 11 0 0 0 0 0 0 0 0 0 0 0 0 0 0 0 0 0 0 0 0 0 0 0 1 0 3 0 0 1 

Cluster values: 1 10 10 0 0 0 0 0 0 0 0 0 0 0 0 0 0 0 0 0 0 0 0 0 0 0 1 0 3 0 0 0 

Cluster values: 3 10 1 0 0 4 2 1 2 0 0 0 0 2 3 0 1 0 0 0 0 0 0 0 9 0 1 0 2 0 10 2 

Cluster values: 4 10 1 1 0 2 0 1 1 0 0 1 0 1 0 0 0 0 0 0 0 0 0 0 7 0 1 1 1 0 0 3 

Cluster values: 5 1 1 0 0 6 0 1 2 0 0 0 0 3 3 0 0 0 0 0 0 0 0 0 1 0 1 0 0 0 10 3 

Cluster values: 5 10 1 0 0 0 0 1 1 0 0 2 0 0 0 0 0 0 0 0 0 0 0 0 0 0 1 1 1 0 0 3 

Cluster values: 4 1 1 0 0 1 2 1 2 0 0 0 0 3 3 0 2 0 0 0 0 0 0 0 8 0 1 0 0 0 9 3 

