Break in iteration 

Total Time: 14800.224338259017ms

Cluster values: 1 3 1 0 0 0 0 0 0 0 0 0 1 0 0 0 0 0 0 0 0 0 0 0 0 0 0 0 3 0 0 0 

Cluster values: 1 0 1 0 0 0 0 0 0 0 0 0 0 0 0 0 0 0 0 0 0 0 0 0 0 0 1 0 3 0 0 0 

Cluster values: 2 10 1 0 0 0 0 0 0 0 0 0 0 0 0 0 0 0 0 0 0 0 0 0 0 0 1 0 3 0 0 1 

Cluster values: 3 1 1 0 0 1 2 1 1 0 0 0 0 2 1 0 1 0 0 0 0 0 0 0 7 0 1 0 3 0 0 3 

Cluster values: 4 10 1 0 0 2 2 1 1 0 0 1 0 2 2 0 1 0 0 0 0 0 0 0 6 0 1 0 1 0 0 3 

Cluster values: 4 1 1 0 0 1 2 1 1 0 0 0 0 3 3 0 2 0 0 0 0 0 0 0 4 0 1 0 0 0 0 3 

Cluster values: 4 1 1 0 0 2 2 1 1 0 0 2 0 2 2 0 1 0 0 0 0 0 0 0 8 0 1 0 0 0 0 3 

Cluster values: 6 1 1 0 0 0 0 1 1 0 0 2 0 0 0 0 0 0 0 0 0 0 0 0 0 0 1 1 0 0 0 3 

Cluster values: 5 2 1 0 3 1 1 1 1 1 0 1 0 1 1 7 1 0 0 0 0 0 0 0 4 0 1 0 0 0 0 3 

Cluster values: 4 1 1 0 0 4 1 1 2 0 0 0 0 3 3 0 0 0 0 0 0 0 0 0 2 0 1 0 0 0 10 3 

Cluster values: 3 10 1 0 0 4 2 1 2 0 0 0 0 2 3 0 1 0 0 0 0 0 0 0 9 0 1 0 2 0 10 2 

Cluster values: 3 1 11 0 0 1 1 1 1 0 0 1 0 1 1 0 0 0 0 0 0 0 0 0 3 0 1 0 2 0 0 2 

Cluster values: 3 10 1 0 0 1 3 1 2 0 0 1 0 2 2 0 1 0 0 0 0 0 0 0 6 0 1 0 2 0 10 3 

Cluster values: 4 2 1 0 3 2 2 1 2 1 0 1 1 2 2 5 1 0 0 0 0 0 0 0 7 0 1 0 1 0 8 3 

Cluster values: 4 1 1 0 0 3 2 1 1 0 0 1 0 2 2 0 1 0 0 0 0 0 0 0 8 0 1 0 1 0 10 3 

Cluster values: 5 10 1 0 0 6 0 1 2 0 0 1 0 2 2 0 0 0 0 0 0 0 0 0 6 0 1 0 0 0 10 3 

