Break in iteration 

Total Time: 24606.73986162458ms

Cluster values: 1 4 1 0 0 0 0 0 0 0 0 0 0 0 0 0 0 0 0 0 0 0 0 0 0 0 1 0 4 0 0 0 1 0 0 0 0 0 1 1 1 0 2 0 137 0 0 0 0 15 1 1 0 1 0 0 0 0 0 0 0 0 0 0 

Cluster values: 1 3 1 0 0 0 0 0 0 0 0 0 0 0 0 0 0 0 0 0 0 0 0 0 0 0 1 0 4 0 0 0 1 0 0 0 0 0 1 1 1 0 2 0 118 0 0 0 0 17 0 0 0 1 0 0 0 0 0 0 0 0 0 0 

Cluster values: 1 3 1 0 0 0 0 0 0 0 0 0 0 0 0 0 0 0 0 0 0 0 0 0 0 0 1 0 4 0 0 0 0 0 0 0 0 0 1 1 1 0 2 0 111 0 0 0 0 10 1 0 0 1 0 0 0 0 0 0 0 0 0 0 

Cluster values: 4 2 1 0 0 2 2 1 1 0 0 1 0 2 2 0 1 0 0 0 0 0 0 0 6 0 1 0 1 0 1 3 1 1 2 0 1 0 1 1 1 2 1 0 0 0 2 0 2 22 0 2 1 1 0 0 0 0 0 2 0 1 1 1 

Cluster values: 4 3 1 0 0 2 3 1 1 0 0 1 0 2 3 0 1 0 0 0 0 0 0 0 6 0 1 0 1 0 1 3 1 1 3 0 1 0 1 1 1 2 1 0 0 1 1 0 2 10 0 2 0 1 0 0 0 0 0 3 0 1 1 0 

Cluster values: 4 3 1 0 3 1 1 1 1 1 0 1 0 1 1 5 1 0 0 0 0 0 0 0 4 0 1 0 1 0 1 3 1 1 2 0 1 3 1 1 1 1 2 0 0 0 2 0 2 50 0 2 0 1 0 0 0 0 1 2 0 1 1 1 

Cluster values: 4 3 1 0 0 2 0 1 1 0 0 1 0 1 0 0 0 0 0 0 0 0 0 0 6 0 1 1 1 0 0 3 1 1 3 0 1 0 1 1 1 1 1 0 0 0 5 0 2 9 0 2 1 1 0 0 0 0 2 0 0 0 1 1 

Cluster values: 5 3 1 0 0 0 0 1 1 0 0 2 0 0 0 0 0 0 0 0 0 0 0 0 0 0 1 1 1 0 0 3 1 1 0 0 1 0 1 1 2 0 1 0 0 0 5 0 1 14 0 2 1 1 0 0 0 0 2 0 0 0 1 1 

Cluster values: 1 3 1 0 3 0 0 0 0 1 0 0 1 0 0 2 0 0 0 0 0 0 0 0 0 0 1 0 3 0 0 0 1 0 0 0 0 3 1 1 1 0 2 0 218 0 0 0 0 51 0 1 0 1 0 0 0 0 0 0 0 0 0 0 

Cluster values: 1 3 1 0 0 0 0 0 0 0 0 0 0 0 0 0 0 0 0 0 0 0 0 0 0 0 1 0 3 0 0 0 1 0 0 0 0 0 1 1 1 0 2 0 211 0 0 0 0 22 0 0 0 1 0 0 0 0 0 0 0 0 0 0 

Cluster values: 1 1 1 0 0 1 4 1 2 0 0 0 0 1 1 0 0 0 0 0 0 0 0 0 6 0 1 0 3 0 10 3 1 1 3 0 1 0 1 1 1 1 2 0 219 0 1 0 1 10 1 5 0 1 0 0 0 0 0 2 0 0 1 0 

Cluster values: 1 3 1 0 1 0 0 0 0 0 0 0 1 0 0 2 0 0 0 0 0 0 0 0 0 0 1 0 3 0 0 0 1 0 0 0 0 2 1 1 1 0 2 0 220 0 0 0 0 36 0 0 0 1 0 0 0 0 0 0 0 0 0 0 

Cluster values: 1 10 1 0 0 0 0 1 1 0 0 0 0 0 0 0 0 0 0 0 0 0 0 0 3 0 1 1 3 0 0 3 1 1 1 0 1 0 1 1 1 0 2 0 220 0 4 0 0 22 0 5 0 1 0 0 0 0 2 0 0 0 1 1 

Cluster values: 2 10 1 0 0 0 0 1 1 0 0 0 0 0 0 0 0 0 0 0 0 0 0 0 0 0 1 1 3 0 0 3 1 1 0 0 1 0 1 1 0 0 2 0 220 0 5 0 0 10 0 5 0 1 0 0 0 0 2 0 0 0 1 1 

Cluster values: 2 10 1 0 0 1 1 1 1 0 0 0 0 1 0 0 0 0 0 0 0 0 0 0 7 0 1 0 3 0 0 3 1 1 3 0 1 0 1 1 1 1 2 0 220 0 3 0 1 10 0 5 0 1 0 0 0 0 1 1 0 0 1 1 

Cluster values: 1 3 1 0 1 0 0 1 1 0 0 0 0 0 0 4 0 0 0 0 0 0 0 0 3 0 1 1 3 0 0 3 1 1 1 0 1 2 1 1 1 0 2 0 219 0 4 0 0 37 1 5 0 1 0 0 0 0 1 0 0 0 1 1 

Cluster values: 2 10 1 0 0 1 4 1 1 0 0 0 0 1 1 0 0 0 0 0 0 0 0 0 7 0 1 0 3 0 10 4 1 2 3 0 1 0 1 1 1 1 2 0 219 0 0 0 1 14 1 6 0 1 0 0 0 0 0 2 0 0 1 0 

Cluster values: 1 10 1 0 0 0 0 0 0 0 0 0 0 0 0 0 0 0 0 0 0 0 0 0 0 0 1 0 3 0 0 0 1 0 0 0 0 0 1 1 1 0 2 0 221 0 0 0 0 22 0 0 0 1 0 0 0 0 0 0 0 0 0 0 

Cluster values: 1 1 1 0 0 0 1 1 1 0 0 0 0 0 0 0 0 0 0 0 0 0 0 0 3 0 1 1 3 0 0 3 1 1 1 0 1 0 1 1 1 0 2 0 211 0 4 0 1 10 0 5 0 1 0 0 0 0 1 0 0 0 1 1 

Cluster values: 1 1 1 0 0 1 2 1 1 0 0 1 0 1 0 0 0 0 0 0 0 0 0 0 7 0 1 0 3 0 0 3 1 1 2 0 1 0 1 1 3 1 2 0 221 0 2 0 1 10 0 5 0 1 0 0 0 0 1 1 0 0 1 1 

Cluster values: 1 1 1 0 0 1 4 1 1 0 0 0 0 1 1 0 0 0 0 0 0 0 0 0 6 0 1 0 3 0 2 3 1 1 3 0 1 0 1 1 2 1 2 0 219 1 1 0 1 22 1 5 0 1 0 0 0 0 0 2 0 0 1 0 

Cluster values: 1 1 2 0 0 0 0 1 1 0 0 0 0 0 0 0 0 0 0 0 0 0 0 0 2 0 1 1 3 0 0 3 1 1 1 0 1 0 1 1 1 0 2 0 219 0 5 0 0 22 0 5 0 1 0 0 0 0 2 0 0 0 1 1 

Cluster values: 1 1 2 0 0 0 0 0 0 0 0 0 0 0 0 0 0 0 0 0 0 0 0 0 0 0 1 0 3 0 0 0 1 1 0 0 1 0 1 1 1 0 2 0 221 0 0 0 0 22 1 5 0 2 0 0 0 0 0 0 0 0 0 1 

Cluster values: 1 10 1 0 0 0 0 1 1 0 0 1 0 0 0 0 0 0 0 0 0 0 0 0 0 0 1 1 3 0 0 4 1 1 0 0 1 0 1 1 3 0 2 0 220 0 5 0 0 10 0 5 0 1 0 0 0 0 2 0 0 0 1 1 

Cluster values: 1 1 1 0 0 0 0 0 0 0 0 0 0 0 0 0 0 0 0 0 0 0 0 0 0 0 1 0 4 0 0 0 1 0 0 0 0 0 1 1 1 0 2 0 221 0 0 1 0 9 0 0 0 1 0 0 0 0 0 0 0 0 0 0 

Cluster values: 0 10 1 0 0 0 0 0 0 0 0 0 0 0 0 0 0 0 0 0 0 0 0 0 0 0 0 0 3 0 0 0 0 0 0 0 0 0 1 1 2 0 6 0 222 0 0 0 0 9 0 0 0 1 0 0 3 1 0 0 0 0 0 0 

Cluster values: 1 1 2 0 0 1 2 1 1 0 0 0 0 1 0 0 0 0 0 0 0 0 0 0 6 0 1 0 3 0 0 3 1 1 3 0 1 0 1 1 0 1 2 0 221 0 3 0 1 10 0 5 0 1 0 0 0 0 1 1 0 0 1 1 

Cluster values: 0 1 1 0 0 0 0 0 0 0 0 0 0 0 0 0 0 0 0 0 0 0 0 0 0 0 0 0 4 0 0 0 0 0 0 0 0 0 1 1 1 0 6 0 222 0 0 0 0 9 0 0 0 1 0 0 3 1 0 0 0 0 0 0 

Cluster values: 2 1 1 0 0 0 0 1 1 0 0 0 0 0 0 0 0 0 0 0 0 0 0 0 0 0 1 1 3 0 0 3 1 1 0 0 1 0 1 1 1 0 2 0 221 0 5 0 0 10 0 5 0 1 0 0 0 0 2 0 0 0 1 1 

Cluster values: 1 4 1 0 0 0 0 0 0 0 0 0 0 0 0 0 0 0 0 0 0 0 0 0 0 0 1 0 4 0 0 0 0 0 0 0 0 0 1 1 1 0 2 0 211 0 0 0 0 10 1 0 0 1 0 0 0 0 0 0 0 0 0 0 

Cluster values: 1 10 1 0 0 0 0 0 0 0 0 0 0 0 0 0 0 0 0 0 0 0 0 0 0 0 1 0 4 0 0 0 1 0 0 0 0 0 1 1 1 0 2 0 222 0 0 1 0 9 1 0 0 1 0 0 0 0 0 0 0 0 0 0 

Cluster values: 1 1 2 0 0 0 0 0 0 0 0 0 0 0 0 0 0 0 0 0 0 0 0 0 0 0 1 0 3 0 0 0 1 0 0 0 0 0 1 1 2 0 2 0 221 0 0 0 0 22 0 0 0 1 0 0 0 0 0 0 0 0 0 0 

