Break in iteration 8

Total Time: 392.28ms

Cluster values: 1 4 1 0 0 0 0 0 0 0 0 0 0 0 0 0 0 0 0 0 0 0 0 0 0 0 1 0 4 0 0 0 1 0 0 0 0 0 1 1 1 0 2 0 220 0 0 0 0 13 1 0 0 1 0 0 0 0 0 0 0 0 0 0 

Cluster values: 1 3 1 0 0 0 0 0 0 0 0 0 0 0 0 0 0 0 0 0 0 0 0 0 0 0 1 0 4 0 0 0 0 0 0 0 0 0 1 1 1 0 2 0 123 0 0 0 0 14 1 0 0 1 0 0 0 0 0 0 0 0 0 0 

Cluster values: 1 3 1 0 0 0 0 0 0 0 0 0 0 0 0 0 0 0 0 0 0 0 0 0 0 0 1 0 4 0 0 0 1 0 0 0 0 0 1 1 1 0 2 0 111 0 0 0 0 13 1 0 0 1 0 0 0 0 0 0 0 0 0 0 

Cluster values: 4 3 1 0 0 2 2 1 1 0 0 1 0 2 2 0 1 0 0 0 0 0 0 0 6 0 1 0 1 0 1 3 1 1 3 0 1 0 1 1 1 2 1 0 0 0 1 0 2 10 0 2 0 1 0 0 0 0 0 2 0 1 1 1 

Cluster values: 4 3 1 0 3 1 1 1 1 1 0 1 0 1 1 5 1 0 0 0 0 0 0 0 4 0 1 0 1 0 1 3 1 1 2 0 1 3 1 1 1 1 2 0 0 0 2 0 2 50 0 2 0 1 0 0 0 0 1 2 0 1 1 1 

Cluster values: 4 2 1 0 0 2 2 1 1 0 0 1 0 2 2 0 1 0 0 0 0 0 0 0 7 0 1 0 1 0 1 3 1 1 2 0 1 0 1 1 1 2 1 0 0 0 1 0 2 22 0 2 1 1 0 0 0 0 0 2 0 1 1 1 

Cluster values: 5 3 1 0 0 0 0 1 1 0 0 2 0 0 0 0 0 0 0 0 0 0 0 0 1 0 1 1 0 0 0 3 1 1 0 0 1 0 1 1 2 0 1 0 0 0 5 0 1 22 0 2 1 1 0 0 0 0 2 0 0 0 1 1 

Cluster values: 5 3 1 0 0 0 0 1 1 0 0 2 0 0 0 0 0 0 0 0 0 0 0 0 0 0 1 1 1 0 0 3 1 1 0 0 1 0 1 1 2 0 1 0 0 0 5 0 1 10 0 2 1 1 0 0 0 0 2 0 0 0 1 1 

Cluster values: 8 0 0 0 0 0 0 0 0 0 0 0 0 0 0 0 0 0 0 0 0 0 0 0 0 0 0 0 0 0 0 0 0 0 0 0 0 0 0 0 0 0 0 0 0 0 0 0 0 0 0 0 0 0 0 0 0 0 0 0 0 0 0 0 

Cluster values: 9 0 0 0 0 0 0 0 0 0 0 0 0 0 0 0 0 0 0 0 0 0 0 0 0 0 0 0 0 0 0 0 0 0 0 0 0 0 0 0 0 0 0 0 0 0 0 0 0 0 0 0 0 0 0 0 0 0 0 0 0 0 0 0 

Cluster values: 10 0 0 0 0 0 0 0 0 0 0 0 0 0 0 0 0 0 0 0 0 0 0 0 0 0 0 0 0 0 0 0 0 0 0 0 0 0 0 0 0 0 0 0 0 0 0 0 0 0 0 0 0 0 0 0 0 0 0 0 0 0 0 0 

Cluster values: 11 0 0 0 0 0 0 0 0 0 0 0 0 0 0 0 0 0 0 0 0 0 0 0 0 0 0 0 0 0 0 0 0 0 0 0 0 0 0 0 0 0 0 0 0 0 0 0 0 0 0 0 0 0 0 0 0 0 0 0 0 0 0 0 

Cluster values: 12 0 0 0 0 0 0 0 0 0 0 0 0 0 0 0 0 0 0 0 0 0 0 0 0 0 0 0 0 0 0 0 0 0 0 0 0 0 0 0 0 0 0 0 0 0 0 0 0 0 0 0 0 0 0 0 0 0 0 0 0 0 0 0 

Cluster values: 13 0 0 0 0 0 0 0 0 0 0 0 0 0 0 0 0 0 0 0 0 0 0 0 0 0 0 0 0 0 0 0 0 0 0 0 0 0 0 0 0 0 0 0 0 0 0 0 0 0 0 0 0 0 0 0 0 0 0 0 0 0 0 0 

Cluster values: 14 0 0 0 0 0 0 0 0 0 0 0 0 0 0 0 0 0 0 0 0 0 0 0 0 0 0 0 0 0 0 0 0 0 0 0 0 0 0 0 0 0 0 0 0 0 0 0 0 0 0 0 0 0 0 0 0 0 0 0 0 0 0 0 

Cluster values: 15 0 0 0 0 0 0 0 0 0 0 0 0 0 0 0 0 0 0 0 0 0 0 0 0 0 0 0 0 0 0 0 0 0 0 0 0 0 0 0 0 0 0 0 0 0 0 0 0 0 0 0 0 0 0 0 0 0 0 0 0 0 0 0 