Break in iteration 12

Total Time: 72.5061ms

Cluster values: 1 3 1 0 0 0 0 0 0 0 0 0 0 0 0 0 0 0 0 0 0 0 0 0 0 0 1 0 4 0 0 0 1 0 0 0 0 0 1 1 1 0 2 0 116 0 0 0 0 28 1 1 0 1 0 0 0 0 0 0 0 0 0 0 

Cluster values: 1 4 1 0 0 0 0 0 0 0 0 0 0 0 0 0 0 0 0 0 0 0 0 0 0 0 1 0 4 0 0 0 1 0 0 0 0 0 1 1 1 0 2 0 220 0 0 0 0 13 1 0 0 1 0 0 0 0 0 0 0 0 0 0 

Cluster values: 1 3 1 0 0 0 0 0 0 0 0 0 0 0 0 0 0 0 0 0 0 0 0 0 0 0 1 0 4 0 0 0 0 0 0 0 0 0 1 1 1 0 2 0 115 0 0 0 0 10 1 0 0 1 0 0 0 0 0 0 0 0 0 0 

Cluster values: 4 3 1 0 0 1 1 1 1 0 0 1 0 2 1 0 1 0 0 0 0 0 0 0 5 0 1 0 1 0 1 3 1 1 2 0 1 0 1 1 1 1 1 0 0 0 2 0 2 18 0 2 1 1 0 0 0 0 1 1 0 1 1 1 