Break in iteration 

Total Time: 2452.8678485325404ms

Cluster values: 1 10 1 0 0 0 0 0 0 0 0 0 0 0 0 0 0 0 0 0 0 0 0 0 0 0 1 0 3 0 0 0 

Cluster values: 1 1 1 0 0 0 0 0 0 0 0 0 0 0 0 0 0 0 0 0 0 0 0 0 0 0 1 0 3 0 0 0 

Cluster values: 5 10 1 0 0 0 0 1 1 0 0 2 0 0 0 0 0 0 0 0 0 0 0 0 0 0 1 1 1 0 0 3 

Cluster values: 2 1 1 0 0 1 2 1 1 0 0 0 0 2 1 0 1 0 0 0 0 0 0 0 7 0 1 0 3 0 0 3 

Cluster values: 4 1 1 0 0 1 2 1 1 0 0 0 0 3 3 0 2 0 0 0 0 0 0 0 3 0 1 0 0 0 1 3 

Cluster values: 4 1 1 0 0 2 3 1 1 0 0 0 0 3 3 0 2 0 0 0 0 0 0 0 8 0 1 0 0 0 1 3 

Cluster values: 5 1 1 0 0 2 0 1 1 0 0 2 0 1 0 0 0 0 0 0 0 0 0 0 6 0 1 1 0 0 0 3 

Cluster values: 6 1 1 0 0 0 0 1 1 0 0 2 0 0 0 0 0 0 0 0 0 0 0 0 0 0 1 1 0 0 0 3 

Cluster values: 4 1 1 0 0 1 3 1 1 0 0 3 0 2 2 0 1 0 0 0 0 0 0 0 8 0 1 0 0 0 1 3 

Cluster values: 5 10 0 0 0 4 2 2 2 0 0 8 0 2 2 0 0 0 0 0 0 0 0 0 8 0 1 0 0 0 10 4 

Cluster values: 5 9 1 0 3 4 1 1 2 1 0 1 0 2 2 7 1 0 0 0 0 0 0 0 7 0 1 0 0 0 10 3 

Cluster values: 4 10 11 0 0 3 2 1 2 0 0 1 0 1 1 0 1 0 0 0 0 0 0 0 8 0 1 0 2 0 9 3 

Cluster values: 7 9 12 0 3 1 5 1 2 3 0 0 0 1 1 10 1 1 1 1 1 0 1 1 7 0 1 0 4 0 8 4 

Cluster values: 4 10 10 0 0 1 0 2 2 0 0 5 0 1 3 0 1 0 0 0 0 0 0 0 7 0 2 0 0 0 11 4 

Cluster values: 5 1 1 0 2 2 2 1 1 0 0 1 0 2 2 7 1 0 0 0 0 0 0 0 7 0 1 0 0 0 0 3 

Cluster values: 5 10 1 0 0 2 0 1 1 0 0 2 0 1 0 0 0 0 0 0 0 0 0 0 7 0 1 1 0 0 0 3 

Cluster values: 1 10 11 0 0 0 0 0 0 0 0 0 0 0 0 0 0 0 0 0 0 0 0 0 0 0 1 0 3 0 0 0 

Cluster values: 6 11 0 0 0 1 2 1 2 0 0 7 0 1 1 0 1 0 0 0 0 0 0 0 7 0 1 0 0 0 10 4 

Cluster values: 5 2 1 0 3 0 0 1 1 1 0 2 0 0 0 8 0 0 0 0 0 0 0 0 0 0 1 1 0 0 0 3 

Cluster values: 6 2 11 0 3 0 0 1 1 0 0 3 1 0 0 9 0 0 0 0 0 0 0 0 2 0 1 1 0 0 0 3 

Cluster values: 4 10 11 0 0 1 2 1 1 0 0 1 0 2 1 0 1 0 0 0 0 0 0 0 7 0 1 0 1 0 0 3 

Cluster values: 4 1 1 0 0 1 2 1 1 0 0 0 0 3 3 0 2 0 0 0 0 0 0 0 8 0 1 0 0 0 10 3 

Cluster values: 5 0 1 0 0 6 0 1 1 0 0 4 0 2 2 0 0 0 0 0 0 0 0 0 2 0 1 0 0 0 10 4 

Cluster values: 2 10 1 0 0 4 1 1 2 0 0 0 0 3 3 0 1 0 0 0 0 0 0 0 10 0 1 0 2 0 10 1 

Cluster values: 2 1 1 0 0 4 1 1 1 0 0 0 0 3 4 0 1 0 0 0 0 0 0 0 10 0 1 0 3 0 10 1 

Cluster values: 5 1 1 0 0 6 0 1 2 0 0 4 0 1 1 0 0 0 0 0 0 0 0 0 7 0 1 0 0 0 10 3 

Cluster values: 1 1 11 0 0 0 0 0 0 0 0 0 0 0 0 0 0 0 0 0 0 0 0 0 0 0 1 0 3 0 0 0 

Cluster values: 4 2 1 0 2 1 1 1 1 1 0 1 7 1 1 2 1 0 0 0 0 0 0 0 5 0 1 0 1 0 0 3 

Cluster values: 4 1 12 0 2 1 4 2 2 0 0 1 0 3 2 5 2 0 0 0 0 0 0 0 4 0 1 0 1 0 10 3 

Cluster values: 3 4 10 0 3 1 3 1 2 0 0 1 0 2 3 5 1 0 0 0 0 0 0 0 6 0 1 0 1 0 1 3 

Cluster values: 3 2 1 0 3 1 2 1 1 2 0 0 0 2 2 3 1 0 0 0 0 0 0 0 4 0 1 0 1 0 1 3 

Cluster values: 4 1 11 0 0 2 3 1 1 0 0 1 0 2 2 0 1 0 0 0 0 0 0 0 8 0 1 0 1 0 1 3 

Cluster values: 4 10 1 0 0 5 0 1 2 0 0 2 0 3 3 0 0 0 0 0 0 0 0 0 8 0 1 0 0 0 10 3 

Cluster values: 5 0 1 0 0 1 0 1 2 0 0 2 0 1 2 0 1 0 0 0 0 0 0 0 7 0 1 0 0 0 10 3 

Cluster values: 5 1 1 0 0 6 0 1 2 0 0 0 0 4 4 0 0 0 0 0 0 0 0 0 1 0 1 0 0 0 10 3 

Cluster values: 2 1 1 0 0 1 4 1 1 0 0 0 0 1 1 0 1 0 0 0 0 0 0 0 7 0 1 0 3 0 9 3 

Cluster values: 3 10 1 1 0 1 0 1 1 0 0 0 0 1 0 0 0 0 0 0 0 0 0 0 6 0 1 1 3 0 0 3 

Cluster values: 5 10 1 0 0 6 1 1 2 0 0 0 0 3 3 0 0 0 0 0 0 0 0 0 2 0 1 0 0 0 10 3 

Cluster values: 4 10 1 0 0 1 1 1 2 0 0 0 0 3 3 0 1 0 0 0 0 0 0 0 7 0 1 0 1 0 10 3 

Cluster values: 2 10 1 0 0 1 3 1 1 0 0 0 0 1 1 0 0 0 0 0 0 0 0 0 7 0 1 0 3 0 9 3 

Cluster values: 4 1 1 0 0 5 0 1 1 0 0 3 0 4 4 0 0 0 0 0 0 0 0 0 8 0 1 0 0 0 10 3 

Cluster values: 4 8 1 0 3 2 2 1 1 1 0 1 0 2 2 5 1 0 0 0 0 0 0 0 6 0 1 0 0 0 1 3 

Cluster values: 3 8 1 0 3 2 3 1 2 1 0 0 0 2 2 3 1 0 0 0 0 0 0 0 7 0 1 0 1 0 9 3 

Cluster values: 4 10 1 0 0 4 3 1 2 0 0 0 0 3 3 0 1 0 0 0 0 0 0 0 8 0 1 0 2 0 10 3 

Cluster values: 4 1 11 0 0 1 2 1 1 0 0 0 0 3 3 0 1 0 0 0 0 0 0 0 4 0 1 0 0 0 1 3 

Cluster values: 3 2 1 0 3 1 2 1 2 2 0 0 0 2 3 3 1 0 0 0 0 0 0 0 2 0 1 0 1 0 10 3 

Cluster values: 5 1 1 0 0 1 3 1 2 0 0 3 0 1 1 0 1 0 0 0 0 0 0 0 7 0 1 0 0 0 9 3 

Cluster values: 5 1 11 0 0 0 0 1 1 0 0 3 0 0 0 0 0 0 0 0 0 0 0 0 0 0 1 1 0 0 0 3 

Cluster values: 5 1 1 0 0 6 0 1 1 0 0 0 0 1 2 0 0 0 0 0 0 0 0 0 1 0 1 0 0 0 10 3 

Cluster values: 4 1 1 0 0 6 1 1 2 0 0 0 0 4 4 0 1 0 0 0 0 0 0 0 7 0 1 0 0 0 10 3 

Cluster values: 4 1 11 0 0 5 0 1 2 0 0 1 0 3 3 0 0 0 0 0 0 0 0 0 7 0 1 0 1 0 10 3 

Cluster values: 4 1 12 0 0 1 2 1 2 0 0 1 0 2 2 0 1 0 0 0 0 0 0 0 7 0 1 0 2 0 10 3 

Cluster values: 3 2 1 0 3 1 3 1 1 1 0 0 2 2 2 2 1 0 0 0 0 0 0 0 7 0 1 0 2 0 9 3 

Cluster values: 5 0 1 0 0 5 0 1 2 0 0 0 0 2 2 0 0 0 0 0 0 0 0 0 8 0 1 0 1 0 10 3 

Cluster values: 4 1 1 0 3 5 1 1 2 0 0 1 0 3 3 7 0 0 0 0 0 0 0 0 8 0 1 0 0 0 10 3 

Cluster values: 3 10 1 0 0 2 3 1 1 0 0 0 0 2 3 0 1 0 0 0 0 0 0 0 8 0 1 0 1 0 1 3 

Cluster values: 4 10 1 0 0 2 3 1 1 0 0 4 0 2 2 0 1 0 0 0 0 0 0 0 8 0 1 0 0 0 1 3 

Cluster values: 5 1 1 0 2 1 2 1 2 0 0 2 1 2 2 7 1 0 0 0 0 0 0 0 7 0 1 0 1 0 10 3 

Cluster values: 4 10 1 0 0 1 3 1 2 0 0 2 0 2 2 0 1 0 0 0 0 0 0 0 7 0 1 0 0 0 9 4 

Cluster values: 4 10 1 0 0 1 2 1 1 0 0 0 0 3 3 0 1 0 0 0 0 0 0 0 3 0 1 0 1 0 10 3 

Cluster values: 4 10 1 0 0 1 2 1 1 0 0 0 0 3 3 0 1 0 0 0 0 0 0 0 3 0 1 0 1 0 1 3 

Cluster values: 4 1 1 0 0 1 2 1 1 0 0 0 0 3 3 0 1 0 0 0 0 0 0 0 3 0 1 0 1 0 10 3 

Cluster values: 3 1 1 0 0 6 0 1 1 0 0 2 0 1 1 0 0 0 0 0 0 0 0 0 8 0 1 0 0 0 10 3 

Cluster values: 3 1 11 0 0 1 0 1 1 0 0 2 0 1 0 0 0 0 0 0 0 0 0 0 7 0 1 1 1 0 0 3 

