Break in iteration 

Total Time: 892.1917506626675ms

Cluster values: 1 10 1 0 0 0 0 0 0 0 0 0 0 0 0 0 0 0 0 0 0 0 0 0 0 0 1 0 3 0 0 0 

Cluster values: 1 1 1 0 0 0 0 0 0 0 0 0 0 0 0 0 0 0 0 0 0 0 0 0 0 0 1 0 3 0 0 0 

Cluster values: 4 10 1 0 0 0 0 1 1 0 0 0 0 0 0 0 0 0 0 0 0 0 0 0 0 0 1 1 1 0 0 3 

Cluster values: 2 1 1 0 0 1 2 1 1 0 0 0 0 2 1 0 1 0 0 0 0 0 0 0 7 0 1 0 3 0 0 3 

Cluster values: 4 1 1 0 0 1 2 1 1 0 0 0 0 3 3 0 2 0 0 0 0 0 0 0 4 0 1 0 0 0 1 3 

Cluster values: 4 1 1 0 0 2 3 1 2 0 0 1 0 2 3 0 1 0 0 0 0 0 0 0 8 0 1 0 0 0 1 3 

Cluster values: 5 1 1 0 0 2 0 1 1 0 0 2 0 1 0 0 0 0 0 0 0 0 0 0 6 0 1 1 0 0 0 3 

Cluster values: 6 1 1 0 0 0 0 1 1 0 0 2 0 0 0 0 0 0 0 0 0 0 0 0 0 0 1 1 0 0 0 3 

Cluster values: 6 10 1 0 0 0 0 1 1 0 0 5 0 0 0 0 0 0 0 0 0 0 0 0 0 0 1 1 0 0 0 3 

Cluster values: 4 10 1 0 0 2 2 1 1 0 0 1 0 2 2 0 1 0 0 0 0 0 0 0 7 0 1 0 1 0 10 3 

Cluster values: 4 3 1 0 3 2 2 1 1 1 0 1 1 2 2 6 1 0 0 0 0 0 0 0 6 0 1 0 1 0 1 3 

Cluster values: 2 2 11 0 0 0 0 0 0 0 0 0 0 0 0 0 0 0 0 0 0 0 0 0 0 0 1 0 3 0 0 1 

Cluster values: 5 2 1 0 3 0 0 1 1 1 0 2 0 0 0 7 0 0 0 0 0 0 0 0 0 0 1 1 0 0 0 3 

Cluster values: 4 1 11 0 0 2 2 1 1 0 0 1 0 2 2 0 1 0 0 0 0 0 0 0 6 0 1 0 1 0 1 3 

Cluster values: 4 1 1 0 0 3 2 1 1 0 0 1 0 2 2 0 1 0 0 0 0 0 0 0 6 0 1 0 1 0 10 3 

Cluster values: 4 10 1 0 0 2 2 1 1 0 0 1 0 2 2 0 1 0 0 0 0 0 0 0 6 0 1 0 1 0 0 3 

