Break in iteration 

Total Time: 1151.0423592158727ms

Cluster values: 1 4 1 0 0 0 0 0 0 0 0 0 0 0 0 0 0 0 0 0 0 0 0 0 0 0 1 0 3 0 0 0 1 0 0 0 0 0 1 1 2 0 2 0 137 0 0 0 0 15 0 1 0 1 0 0 0 0 0 0 0 0 0 0 

Cluster values: 1 3 1 0 0 0 0 0 0 0 0 0 0 0 0 0 0 0 0 0 0 0 0 0 0 0 1 0 3 0 0 0 1 0 0 0 0 0 1 1 1 0 2 0 118 0 0 0 0 17 1 0 0 1 0 0 0 0 0 0 0 0 0 0 

Cluster values: 1 3 1 0 0 0 0 0 0 0 0 0 0 0 0 0 0 0 0 0 0 0 0 0 0 0 1 0 4 0 0 0 0 0 0 0 0 0 1 1 1 0 2 0 111 0 0 0 0 9 1 0 0 1 0 0 0 0 0 0 0 0 0 0 

Cluster values: 4 2 1 0 0 2 2 1 1 0 0 1 0 3 3 0 1 0 0 0 0 0 0 0 7 0 1 0 1 0 1 3 1 1 2 0 1 0 1 1 1 2 1 0 0 0 1 0 3 22 0 2 1 1 0 0 0 0 0 3 0 1 1 1 

Cluster values: 4 2 1 0 0 2 2 1 1 0 0 1 0 2 2 0 1 0 0 0 0 0 0 0 6 0 1 0 1 0 1 3 1 1 3 0 1 0 1 1 1 2 1 0 0 1 1 0 2 9 0 2 0 1 0 0 0 0 0 3 0 1 1 1 

Cluster values: 4 3 1 0 3 1 1 1 1 1 0 1 0 1 1 5 1 0 0 0 0 0 0 0 4 0 1 0 1 0 1 3 1 1 2 0 1 3 1 1 1 1 2 0 0 0 2 0 2 50 0 2 0 1 0 0 0 0 1 2 0 0 1 1 

Cluster values: 5 3 1 0 0 0 0 1 1 0 0 2 0 0 0 0 0 0 0 0 0 0 0 0 2 0 1 1 1 0 0 3 1 1 1 0 1 0 1 1 2 0 2 0 0 0 5 0 1 9 0 2 1 1 0 0 0 0 2 0 0 0 1 1 

Cluster values: 5 3 1 0 0 0 0 1 1 0 0 2 0 0 0 0 0 0 0 0 0 0 0 0 2 0 1 1 0 0 0 3 1 1 1 0 1 0 1 1 2 0 1 0 0 0 5 0 1 22 0 2 1 1 0 0 0 0 2 0 0 0 1 1 

Cluster values: 2 4 2 0 0 0 0 1 1 0 0 0 0 0 0 0 0 0 0 0 0 0 0 0 3 0 1 1 4 0 0 3 1 2 1 0 1 0 1 1 1 0 2 0 219 0 4 0 0 23 1 6 0 1 0 0 0 0 1 0 0 0 1 1 

Cluster values: 1 4 1 0 3 0 0 0 0 1 0 0 1 0 0 2 0 0 0 0 0 0 0 0 0 0 1 0 4 0 0 0 1 0 0 0 0 3 1 1 1 0 2 0 219 0 0 0 0 49 0 1 0 1 0 0 0 0 0 0 0 0 0 0 

Cluster values: 1 10 1 0 0 0 0 1 1 0 0 0 0 0 0 0 0 0 0 0 0 0 0 0 1 0 1 1 4 0 0 2 1 1 0 0 1 0 1 1 1 0 2 0 220 0 3 0 0 9 0 6 0 1 0 0 0 0 1 0 0 0 1 1 

Cluster values: 1 10 1 0 0 0 0 0 0 0 0 0 0 0 0 0 0 0 0 0 0 0 0 0 0 0 1 0 4 0 0 0 0 0 0 0 0 0 1 1 1 0 3 0 222 0 0 0 0 9 0 0 0 1 0 0 0 0 0 0 0 0 0 0 

Cluster values: 1 4 1 0 0 0 0 0 0 0 0 0 0 0 0 0 0 0 0 0 0 0 0 0 0 0 1 0 3 0 0 0 0 0 0 0 0 0 1 1 1 0 2 0 211 0 0 0 0 10 1 0 0 1 0 0 0 0 0 0 0 0 0 0 

Cluster values: 1 1 1 0 0 0 0 0 0 0 0 0 0 0 0 0 0 0 0 0 0 0 0 0 0 0 1 0 3 0 0 0 1 0 0 0 0 0 1 1 1 0 2 0 221 0 0 0 0 9 0 0 0 1 0 0 0 0 0 0 0 0 0 0 

Cluster values: 1 4 1 0 0 0 0 0 0 0 0 0 0 0 0 0 0 0 0 0 0 0 0 0 0 0 1 0 3 0 0 0 1 0 0 0 0 0 1 1 1 0 2 0 220 0 0 0 0 23 1 0 0 1 0 0 0 0 0 0 0 0 0 0 

Cluster values: 1 1 1 0 0 0 1 1 1 0 0 0 0 0 0 0 0 0 0 0 0 0 0 0 3 0 1 1 4 0 0 3 1 1 1 0 1 0 1 1 1 0 2 0 219 0 4 0 1 10 0 5 0 2 0 0 0 0 1 0 0 0 1 1 

