Break in iteration 

Total Time: 967.9737772260394ms

Cluster values: 1 4 1 0 0 0 0 0 0 0 0 0 0 0 0 0 0 0 0 0 0 0 0 0 0 0 1 0 3 0 0 0 1 0 0 0 0 0 1 1 1 0 2 0 220 0 0 0 0 13 1 0 0 1 0 0 0 0 0 0 0 0 0 0 

Cluster values: 1 3 1 0 0 0 0 0 0 0 0 0 0 0 0 0 0 0 0 0 0 0 0 0 0 0 1 0 3 0 0 0 0 0 0 0 0 0 1 1 1 0 2 0 123 0 0 0 0 14 1 0 0 1 0 0 0 0 0 0 0 0 0 0 

Cluster values: 1 3 1 0 0 0 0 0 0 0 0 0 0 0 0 0 0 0 0 0 0 0 0 0 0 0 1 0 4 0 0 0 1 0 0 0 0 0 1 1 1 0 2 0 111 0 0 0 0 13 1 1 0 1 0 0 0 0 0 0 0 0 0 0 

Cluster values: 4 2 1 0 0 2 2 1 1 0 0 1 0 3 3 0 1 0 0 0 0 0 0 0 7 0 1 0 1 0 1 3 1 1 2 0 1 0 1 1 1 2 1 0 0 0 1 0 3 22 0 2 1 1 0 0 0 0 0 3 0 1 1 1 

Cluster values: 4 2 1 0 0 2 2 1 1 0 0 1 0 2 2 0 1 0 0 0 0 0 0 0 6 0 1 0 1 0 1 3 1 1 3 0 1 0 1 1 1 2 1 0 0 1 1 0 2 9 0 2 0 1 0 0 0 0 0 3 0 1 1 1 

Cluster values: 4 3 1 0 3 1 1 1 1 1 0 1 0 1 1 5 1 0 0 0 0 0 0 0 4 0 1 0 1 0 1 3 1 1 2 0 1 3 1 1 1 1 2 0 0 0 2 0 2 50 0 2 0 1 0 0 0 0 1 2 0 0 1 1 

Cluster values: 5 3 1 0 0 0 0 1 1 0 0 2 0 0 0 0 0 0 0 0 0 0 0 0 2 0 1 1 1 0 0 3 1 1 1 0 1 0 1 1 2 0 2 0 0 0 5 0 1 9 0 2 1 1 0 0 0 0 2 0 0 0 1 1 

Cluster values: 5 3 1 0 0 0 0 1 1 0 0 2 0 0 0 0 0 0 0 0 0 0 0 0 2 0 1 1 0 0 0 3 1 1 1 0 1 0 1 1 2 0 1 0 0 0 5 0 1 22 0 2 1 1 0 0 0 0 2 0 0 0 1 1 

