Break in iteration 

Total Time: 564.6274089813232ms

Cluster values: 1 4 1 0 0 0 0 0 0 0 0 0 0 0 0 0 0 0 0 0 0 0 0 0 0 0 1 0 3 0 0 0 1 0 0 0 0 0 1 1 1 0 2 0 220 0 0 0 0 13 1 0 0 1 0 0 0 0 0 0 0 0 0 0 

Cluster values: 1 3 1 0 0 0 0 0 0 0 0 0 0 0 0 0 0 0 0 0 0 0 0 0 0 0 1 0 3 0 0 0 0 0 0 0 0 0 1 1 1 0 2 0 123 0 0 0 0 14 1 0 0 1 0 0 0 0 0 0 0 0 0 0 

Cluster values: 1 3 1 0 0 0 0 0 0 0 0 0 0 0 0 0 0 0 0 0 0 0 0 0 0 0 1 0 4 0 0 0 1 0 0 0 0 0 1 1 1 0 2 0 111 0 0 0 0 13 1 1 0 1 0 0 0 0 0 0 0 0 0 0 

Cluster values: 4 3 1 0 0 1 1 1 1 0 0 1 0 2 1 0 1 0 0 0 0 0 0 0 5 0 1 0 1 0 1 3 1 1 2 0 1 0 1 1 1 1 1 0 0 0 2 0 2 18 0 2 1 1 0 0 0 0 1 1 0 1 1 1 

