Break in iteration 

Total Time: 1959.5464638301305ms

Cluster values: 1 4 1 0 0 0 0 0 0 0 0 0 0 0 0 0 0 0 0 0 0 0 0 0 0 0 1 0 3 0 0 0 1 0 0 0 0 0 1 1 2 0 2 0 137 0 0 0 0 15 0 1 0 1 0 0 0 0 0 0 0 0 0 0 

Cluster values: 1 3 1 0 0 0 0 0 0 0 0 0 0 0 0 0 0 0 0 0 0 0 0 0 0 0 1 0 3 0 0 0 1 0 0 0 0 0 1 1 1 0 2 0 118 0 0 0 0 17 1 0 0 1 0 0 0 0 0 0 0 0 0 0 

Cluster values: 1 3 1 0 0 0 0 0 0 0 0 0 0 0 0 0 0 0 0 0 0 0 0 0 0 0 1 0 4 0 0 0 0 0 0 0 0 0 1 1 1 0 2 0 111 0 0 0 0 9 1 0 0 1 0 0 0 0 0 0 0 0 0 0 

Cluster values: 4 2 1 0 0 2 2 1 1 0 0 1 0 3 3 0 1 0 0 0 0 0 0 0 7 0 1 0 1 0 1 3 1 1 2 0 1 0 1 1 1 2 1 0 0 0 1 0 3 22 0 2 1 1 0 0 0 0 0 3 0 1 1 1 

Cluster values: 4 2 1 0 0 2 2 1 1 0 0 1 0 2 2 0 1 0 0 0 0 0 0 0 6 0 1 0 1 0 1 3 1 1 3 0 1 0 1 1 1 2 1 0 0 1 1 0 2 9 0 2 0 1 0 0 0 0 0 3 0 1 1 1 

Cluster values: 4 3 1 0 3 1 1 1 1 1 0 1 0 1 1 5 1 0 0 0 0 0 0 0 4 0 1 0 1 0 1 3 1 1 2 0 1 3 1 1 1 1 2 0 0 0 2 0 2 50 0 2 0 1 0 0 0 0 1 2 0 0 1 1 

Cluster values: 5 3 1 0 0 0 0 1 1 0 0 2 0 0 0 0 0 0 0 0 0 0 0 0 2 0 1 1 1 0 0 3 1 1 1 0 1 0 1 1 2 0 2 0 0 0 5 0 1 9 0 2 1 1 0 0 0 0 2 0 0 0 1 1 

Cluster values: 5 3 1 0 0 0 0 1 1 0 0 2 0 0 0 0 0 0 0 0 0 0 0 0 2 0 1 1 0 0 0 3 1 1 1 0 1 0 1 1 2 0 1 0 0 0 5 0 1 22 0 2 1 1 0 0 0 0 2 0 0 0 1 1 

Cluster values: 2 10 1 0 0 0 0 1 2 0 0 0 0 0 0 0 0 0 0 0 0 0 0 0 2 0 1 1 3 0 0 4 1 2 1 0 1 0 1 1 2 0 2 0 221 0 4 0 0 22 1 5 0 1 0 0 0 0 2 0 0 0 1 1 

Cluster values: 1 5 1 1 3 1 0 2 2 0 0 0 2 1 0 3 1 0 0 0 0 0 0 0 7 0 1 1 4 0 2 4 2 2 3 0 2 3 1 1 1 2 2 0 221 0 3 0 2 50 1 6 0 2 0 0 0 0 2 0 0 1 1 1 

Cluster values: 2 10 1 0 0 0 0 1 1 0 0 0 0 0 0 0 0 0 0 0 0 0 0 0 1 0 1 1 4 0 0 3 1 1 0 0 1 0 1 1 1 0 2 0 220 0 5 0 0 9 1 6 0 1 0 0 0 0 2 0 0 0 1 1 

Cluster values: 0 10 1 0 0 0 0 0 0 0 0 0 0 0 0 0 0 0 0 0 0 0 0 0 0 0 1 0 3 0 0 0 0 0 0 0 0 0 1 1 2 0 6 6 219 0 0 0 0 9 1 0 0 1 0 0 3 1 0 0 0 0 0 0 

Cluster values: 1 2 1 0 1 0 0 1 1 0 0 0 1 0 0 3 0 0 0 0 0 0 0 0 0 0 1 0 4 0 0 2 1 1 0 0 1 0 1 1 0 0 2 0 221 0 3 1 0 31 0 6 0 1 0 0 0 0 1 0 0 0 1 1 

Cluster values: 1 10 1 0 1 0 0 0 0 0 0 0 0 0 0 3 0 0 0 0 0 0 0 0 0 0 1 0 4 0 0 0 1 1 0 0 1 1 1 2 2 0 4 0 221 0 0 0 1 36 1 3 0 1 0 0 2 0 0 0 0 0 0 0 

Cluster values: 2 0 1 1 1 0 0 2 2 0 0 0 0 0 0 5 0 0 0 0 0 0 0 0 0 0 2 1 4 0 0 4 1 2 0 0 2 3 2 1 2 0 2 0 221 0 5 1 0 40 1 6 0 1 0 0 0 0 3 0 0 0 2 2 

Cluster values: 1 4 0 0 3 0 0 2 2 1 0 0 1 0 0 3 0 0 0 0 0 0 0 0 0 0 1 1 4 0 0 4 1 2 0 0 2 3 1 1 1 0 2 0 221 0 5 0 0 51 0 5 0 1 0 0 0 0 2 0 0 0 2 1 

Cluster values: 1 2 1 0 3 0 0 2 2 1 0 0 2 0 0 1 0 0 0 0 0 0 0 0 2 0 1 1 4 0 0 4 1 1 0 0 1 3 1 1 2 0 2 0 211 0 4 0 0 51 0 6 0 1 0 0 0 0 2 0 0 0 2 1 

Cluster values: 1 9 1 0 3 0 0 0 0 0 0 0 0 0 0 3 0 0 0 0 0 0 0 0 0 0 1 0 4 0 0 0 1 0 0 0 0 3 2 1 3 0 7 5 222 0 0 0 0 51 1 0 0 1 0 0 3 1 0 0 0 0 0 0 

Cluster values: 1 10 1 0 0 0 0 0 0 0 0 0 0 0 0 0 0 0 0 0 0 0 0 0 0 0 1 0 4 0 0 0 1 0 0 0 0 0 1 1 1 0 2 0 221 0 0 0 0 22 0 0 0 1 0 0 0 0 0 0 0 0 0 0 

Cluster values: 2 1 2 0 0 0 0 0 0 0 0 0 0 0 0 0 0 0 0 0 0 0 0 0 0 0 1 0 4 0 0 0 1 2 0 0 1 0 1 1 1 0 2 0 221 0 0 0 0 22 1 5 0 1 0 0 0 0 0 0 0 0 0 1 

Cluster values: 1 3 11 0 0 0 0 0 0 0 0 0 0 0 0 0 0 0 0 0 0 0 0 0 0 0 1 0 4 0 0 0 1 0 0 0 0 0 1 1 1 0 2 0 219 0 0 0 0 9 1 0 0 1 0 0 0 0 0 0 0 0 0 0 

Cluster values: 1 1 2 0 0 0 0 0 0 0 0 0 0 0 0 0 0 0 0 0 0 0 0 0 0 0 1 0 4 0 0 0 1 0 0 0 0 0 1 1 4 0 2 0 221 0 0 1 0 22 1 0 0 1 0 0 0 0 0 0 0 0 0 0 

Cluster values: 1 2 1 0 4 0 0 0 0 2 0 0 8 0 0 1 0 0 0 0 0 0 0 0 0 0 1 0 4 0 0 0 2 0 0 0 0 4 1 1 4 0 2 0 221 0 0 1 0 52 1 0 0 2 0 1 0 0 0 0 0 0 0 0 

Cluster values: 1 8 1 0 3 0 0 0 0 1 0 0 0 0 0 1 0 0 0 0 0 0 0 0 0 0 1 0 4 0 0 0 1 0 0 0 0 3 2 1 0 0 5 0 222 0 0 0 0 52 1 0 0 2 0 0 3 1 0 0 0 0 0 0 

Cluster values: 1 0 1 0 4 0 0 0 0 2 0 0 7 0 0 2 0 0 0 0 0 0 0 0 0 0 1 0 4 0 0 0 1 0 0 0 0 6 1 2 4 0 2 0 223 0 0 1 0 52 1 0 0 2 0 1 0 0 0 0 0 0 0 0 

Cluster values: 1 9 2 0 2 0 0 0 0 0 0 0 0 0 0 3 0 0 0 0 0 0 0 0 0 0 1 0 4 0 0 0 1 0 0 0 0 3 1 1 2 0 2 0 222 0 0 1 0 40 0 0 0 1 0 0 0 0 0 0 0 0 0 0 

Cluster values: 1 3 1 0 4 0 0 0 0 1 0 0 1 0 0 1 0 0 0 0 0 0 0 0 0 0 0 0 4 0 0 0 1 0 0 0 0 4 1 0 1 0 7 5 222 0 0 0 0 52 0 0 0 1 0 0 3 1 0 0 0 0 0 0 

Cluster values: 1 2 1 0 4 0 0 0 0 2 0 0 7 0 0 2 0 0 0 0 0 0 0 0 0 0 1 0 4 0 0 0 2 0 0 0 0 4 1 1 0 0 2 0 221 0 0 1 0 52 1 1 0 2 0 0 0 0 0 0 0 0 0 0 

Cluster values: 0 0 1 0 0 0 0 0 0 0 0 0 0 0 0 0 0 0 0 0 0 0 0 0 0 0 0 0 3 0 0 0 0 0 0 0 0 0 1 1 1 0 6 0 221 0 0 0 0 22 1 0 0 1 0 0 2 1 0 0 0 0 0 0 

Cluster values: 0 1 1 0 0 0 0 0 0 0 0 0 0 0 0 0 0 0 0 0 0 0 0 0 0 0 0 0 3 0 0 0 0 0 0 0 0 0 1 1 1 0 6 6 222 0 0 0 0 9 1 0 0 1 0 0 3 1 0 0 0 0 0 0 

Cluster values: 1 0 1 0 4 0 0 0 0 0 0 0 8 0 0 1 0 0 0 0 0 0 0 0 0 0 0 0 4 0 0 0 0 0 0 0 0 4 2 1 4 0 2 0 223 0 0 1 0 52 1 0 0 1 0 1 0 0 0 0 0 0 0 0 

Cluster values: 2 1 1 0 0 0 0 1 1 0 0 0 0 0 0 0 0 0 0 0 0 0 0 0 0 0 1 1 4 0 0 4 1 1 0 0 1 0 1 1 1 0 2 0 219 0 5 0 0 9 1 6 0 2 0 0 0 0 2 0 0 0 1 1 

Cluster values: 1 10 1 0 0 0 0 0 0 0 0 0 0 0 0 0 0 0 0 0 0 0 0 0 0 0 1 0 4 0 0 0 0 0 0 0 0 0 1 1 1 0 2 0 222 0 0 0 0 10 0 0 0 1 0 0 0 0 0 0 0 0 0 0 

Cluster values: 1 1 2 0 0 0 1 1 2 0 0 0 0 0 0 0 0 0 0 0 0 0 0 0 3 0 1 1 3 0 0 3 1 1 1 0 2 0 1 1 1 0 2 0 219 0 4 0 1 22 0 5 0 1 0 0 0 0 1 0 0 0 1 1 

Cluster values: 1 3 0 0 3 0 0 0 0 2 0 0 0 0 0 2 0 0 0 0 0 0 0 0 0 0 0 0 4 0 0 0 2 0 0 0 0 4 1 1 0 0 2 0 221 0 0 0 0 51 0 0 0 1 0 0 0 0 0 0 0 0 0 0 

Cluster values: 1 0 1 0 3 0 0 0 0 1 0 0 0 0 0 2 0 0 0 0 0 0 0 0 0 0 1 0 4 0 0 0 1 0 0 0 0 5 1 1 4 0 2 0 221 0 0 1 0 51 1 0 0 2 0 1 0 0 0 0 0 0 0 0 

Cluster values: 1 5 1 0 3 0 0 0 0 0 0 0 0 0 0 3 0 0 0 0 0 0 0 0 0 0 1 0 4 0 0 0 1 0 0 0 0 3 1 1 0 0 2 0 221 0 0 1 0 51 0 0 0 2 0 0 0 0 0 0 0 0 0 0 

Cluster values: 1 3 0 0 3 0 0 0 0 1 0 0 0 0 0 2 0 0 0 0 0 0 0 0 0 0 1 0 4 0 0 0 1 0 0 0 0 3 1 1 3 0 2 0 221 0 0 1 0 51 0 0 0 1 0 1 0 0 0 0 0 0 0 0 

Cluster values: 2 10 0 0 0 0 0 0 0 0 0 0 0 0 0 0 0 0 0 0 0 0 0 0 0 0 1 0 4 0 0 0 1 2 0 0 1 0 1 1 1 0 2 0 220 0 0 0 0 9 0 6 0 1 0 0 0 0 0 0 0 0 0 1 

Cluster values: 1 9 1 0 3 0 0 0 0 0 0 0 0 0 0 3 0 0 0 0 0 0 0 0 0 0 1 0 4 0 0 0 1 0 0 0 0 3 1 1 4 0 2 0 221 0 0 1 0 51 0 0 0 2 0 1 0 0 0 0 0 0 0 0 

Cluster values: 1 0 1 0 4 0 0 0 0 1 0 0 0 0 0 1 0 0 0 0 0 0 0 0 0 0 1 0 4 0 0 0 1 0 0 0 0 3 1 0 1 0 2 0 223 0 0 1 0 52 1 0 0 2 0 0 0 0 0 0 0 0 0 0 

Cluster values: 1 2 1 0 3 0 0 0 0 0 0 0 1 0 0 1 0 0 0 0 0 0 0 0 0 0 0 0 4 0 0 0 0 0 0 0 0 4 1 1 4 0 2 0 221 0 0 1 0 51 1 0 0 0 0 1 0 0 0 0 0 0 0 0 

Cluster values: 1 0 1 0 3 0 0 0 0 0 0 0 0 0 0 1 0 0 0 0 0 0 0 0 0 0 0 0 4 0 0 0 1 0 0 0 0 2 1 1 0 0 2 0 221 0 0 1 0 52 1 0 0 1 0 0 0 0 0 0 0 0 0 0 

Cluster values: 0 3 1 0 0 0 0 0 0 0 0 0 7 0 0 0 0 0 0 0 0 0 0 0 0 0 0 0 3 0 0 0 0 0 0 0 0 0 1 1 1 0 3 0 221 0 0 0 0 9 0 0 0 1 0 0 0 0 0 0 0 0 0 0 

Cluster values: 2 3 1 0 4 0 0 2 2 2 0 0 3 0 0 1 0 0 0 0 0 0 0 0 0 0 1 2 4 0 0 4 2 2 0 0 2 4 2 2 0 0 7 9 223 0 6 0 0 52 1 6 0 2 0 0 3 1 3 0 0 0 2 2 

Cluster values: 1 1 2 0 1 0 0 0 0 0 0 0 0 0 0 2 0 0 0 0 0 0 0 0 0 0 1 0 4 0 0 0 1 0 0 0 0 3 1 1 2 0 2 0 221 0 0 0 0 39 1 0 0 1 0 0 0 0 0 0 0 0 0 0 

Cluster values: 2 3 1 0 0 1 4 2 2 0 0 0 0 1 1 0 0 0 0 0 0 0 0 0 6 0 1 0 4 0 10 4 1 2 3 0 1 0 1 1 1 1 2 0 217 0 1 0 1 11 1 5 0 1 0 0 0 0 0 2 0 0 1 1 

Cluster values: 1 1 1 0 0 0 0 0 0 0 0 0 0 0 0 0 0 0 0 0 0 0 0 0 0 0 1 0 4 0 0 0 1 0 0 0 0 0 1 1 1 0 2 0 221 0 0 0 0 9 0 0 0 1 0 0 0 0 0 0 0 0 0 0 

Cluster values: 1 1 2 0 0 1 0 1 2 0 0 0 0 1 0 0 0 0 0 0 0 0 0 0 7 0 1 1 3 0 0 4 1 1 3 0 1 0 1 1 1 1 2 0 218 0 5 0 1 9 0 5 0 2 0 0 0 0 2 0 0 0 1 1 

Cluster values: 2 3 1 0 0 1 4 1 1 0 0 0 0 1 1 0 0 0 0 0 0 0 0 0 6 0 1 0 4 0 1 3 1 2 3 0 1 0 1 1 2 1 2 0 219 1 1 0 1 9 1 6 0 1 0 0 0 0 0 2 0 0 1 0 

Cluster values: 2 1 1 0 1 0 0 2 2 0 0 0 0 1 0 4 0 0 0 0 0 0 0 0 1 0 1 0 4 0 0 4 1 2 0 0 2 2 1 1 2 0 3 0 212 0 6 0 0 38 1 6 0 1 0 0 1 0 1 0 0 0 1 0 

Cluster values: 1 7 0 0 3 0 0 0 0 1 0 0 0 0 0 3 0 0 0 0 0 0 0 0 0 0 1 0 4 0 0 0 1 1 0 0 1 3 1 0 1 0 3 0 221 0 0 0 0 51 0 6 0 2 0 0 0 0 0 0 0 0 0 1 

Cluster values: 1 1 1 0 1 0 0 0 0 1 0 0 2 0 0 1 0 0 0 0 0 0 0 0 0 0 0 0 4 0 0 0 1 0 0 0 0 0 1 1 1 0 2 0 222 0 0 0 0 31 0 0 0 1 0 0 0 0 0 0 0 0 0 0 

Cluster values: 1 3 1 0 3 0 0 0 0 0 0 0 8 0 0 5 0 0 0 0 0 0 0 0 0 0 1 0 4 0 0 0 1 0 0 0 0 4 1 1 4 0 2 0 222 0 0 0 0 51 1 2 0 2 0 1 1 0 0 0 0 0 0 0 

Cluster values: 1 4 1 0 0 0 0 0 0 0 0 0 0 0 0 0 0 0 0 0 0 0 0 0 0 0 1 0 3 0 0 0 0 0 0 0 0 0 1 1 1 0 2 0 211 0 0 0 0 10 1 0 0 1 0 0 0 0 0 0 0 0 0 0 

Cluster values: 1 10 1 0 0 0 0 0 0 0 0 0 0 0 0 0 0 0 0 0 0 0 0 0 0 0 1 0 3 0 0 0 1 0 0 0 0 0 1 1 1 0 3 0 211 0 0 0 0 22 1 1 0 1 0 0 0 0 0 0 0 0 0 0 

Cluster values: 1 9 2 0 3 0 0 0 0 0 0 0 0 0 0 2 0 0 0 0 0 0 0 0 0 0 1 0 4 0 0 0 1 0 0 0 0 3 1 1 2 0 2 0 211 0 0 1 0 51 0 0 0 1 0 0 0 0 0 0 0 0 0 0 

Cluster values: 1 1 1 0 0 0 0 0 0 0 0 0 0 0 0 0 0 0 0 0 0 0 0 0 0 0 1 0 4 0 0 0 1 0 0 0 0 0 1 1 1 0 2 0 211 0 0 0 0 22 0 0 0 1 0 0 0 0 0 0 0 0 0 0 

Cluster values: 0 0 1 0 2 0 0 0 0 0 0 0 0 0 0 2 0 0 0 0 0 0 0 0 0 0 0 0 4 0 0 0 0 0 0 0 0 4 2 1 3 0 3 0 212 0 0 0 0 40 1 0 0 1 0 0 1 0 0 0 0 0 0 0 

Cluster values: 1 10 1 0 1 0 0 0 0 0 0 0 0 0 0 2 0 0 0 0 0 0 0 0 0 0 1 0 4 0 0 0 2 0 0 0 0 3 2 1 2 0 2 0 211 0 0 1 0 40 1 2 0 2 0 0 0 0 0 0 0 0 0 2 

Cluster values: 1 3 1 0 4 0 0 0 0 2 0 0 0 0 0 1 0 0 0 0 0 0 0 0 0 0 1 0 4 0 0 0 1 0 0 0 0 4 1 1 3 0 6 0 221 0 0 0 0 52 0 0 0 1 0 0 3 1 0 0 0 0 0 0 

Cluster values: 1 1 2 0 0 0 0 0 0 0 0 0 0 0 0 0 0 0 0 0 0 0 0 0 0 0 1 0 4 0 0 0 1 0 0 0 0 0 1 1 0 0 2 0 221 0 0 1 0 22 1 0 0 1 0 0 0 0 0 0 0 0 0 0 

Cluster values: 1 3 1 0 1 0 0 0 0 0 0 0 2 0 0 1 0 0 0 0 0 0 0 0 0 0 0 0 4 0 0 0 1 0 0 0 0 1 2 1 2 0 2 0 211 0 0 1 0 31 1 0 0 1 0 0 0 0 0 0 0 0 0 1 

Cluster values: 1 3 1 0 3 0 0 0 0 1 0 0 1 0 0 2 0 0 0 0 0 0 0 0 0 0 0 0 4 0 0 0 1 0 0 0 0 3 1 1 1 0 2 0 211 0 0 0 0 51 1 0 0 1 0 0 0 0 0 0 0 0 0 0 

